       0.000003 
      -0.000003 
       0.000003 
      -0.000003 
       0.000003 
      -0.000003 
       0.000003 
      -0.000003 
       0.000003 
      -0.000003 
       0.000003 
      -0.000003 
       0.000003 
      -0.000003 
       0.000003 
      -0.000002 
       0.000002 
      -0.000002 
       0.000002 
      -0.000002 
       0.000002 
      -0.000002 
       0.000002 
      -0.000002 
       0.000002 
      -0.000002 
       0.000002 
      -0.000002 
       0.000002 
      -0.000002 
       0.000002 
      -0.000002 
       0.000002 
      -0.000001 
       0.000004 
       0.000012 
       0.000056 
       0.000218 
       0.000754 
       0.002332 
       0.006389 
       0.015616 
       0.033825 
       0.065120 
       0.110615 
       0.165798 
       0.219430 
       0.255328 
       0.267359 
       0.255328 
       0.219430 
       0.165798 
       0.110615 
       0.065120 
       0.033825 
       0.015616 
       0.006389 
       0.002332 
       0.000754 
       0.000218 
       0.000056 
       0.000012 
       0.000004 
      -0.000001 
       0.000002 
      -0.000002 
       0.000002 
      -0.000002 
       0.000002 
      -0.000002 
       0.000002 
      -0.000002 
       0.000002 
      -0.000002 
       0.000002 
      -0.000002 
       0.000002 
      -0.000002 
       0.000002 
      -0.000002 
       0.000002 
      -0.000002 
       0.000003 
      -0.000003 
       0.000003 
      -0.000003 
       0.000003 
      -0.000003 
       0.000003 
      -0.000003 
       0.000003 
      -0.000003 
       0.000003 
      -0.000003 
       0.000003 
      -0.000003 
