      -0.000007 
       0.000007 
      -0.000007 
       0.000007 
      -0.000007 
       0.000007 
      -0.000007 
       0.000007 
      -0.000007 
       0.000007 
      -0.000007 
       0.000007 
      -0.000007 
       0.000007 
      -0.000007 
       0.000007 
      -0.000007 
       0.000007 
      -0.000007 
       0.000007 
      -0.000007 
       0.000007 
      -0.000007 
       0.000007 
      -0.000007 
       0.000007 
      -0.000007 
       0.000007 
      -0.000007 
       0.000007 
      -0.000007 
       0.000008 
      -0.000006 
       0.000012 
       0.000010 
       0.000073 
       0.000204 
       0.000649 
       0.001746 
       0.004404 
       0.009999 
       0.020780 
       0.039072 
       0.066761 
       0.102766 
       0.142547 
       0.178466 
       0.201322 
       0.208754 
       0.201322 
       0.178466 
       0.142547 
       0.102766 
       0.066761 
       0.039072 
       0.020780 
       0.009999 
       0.004404 
       0.001746 
       0.000649 
       0.000204 
       0.000073 
       0.000010 
       0.000012 
      -0.000006 
       0.000008 
      -0.000007 
       0.000007 
      -0.000007 
       0.000007 
      -0.000007 
       0.000007 
      -0.000007 
       0.000007 
      -0.000007 
       0.000007 
      -0.000007 
       0.000007 
      -0.000007 
       0.000007 
      -0.000007 
       0.000007 
      -0.000007 
       0.000007 
      -0.000007 
       0.000007 
      -0.000007 
       0.000007 
      -0.000007 
       0.000007 
      -0.000007 
       0.000007 
      -0.000007 
       0.000007 
      -0.000007 
       0.000007 
