1 84058
2 44238
3 39104
4 31074
5 28180
6 25446
7 23020
8 21429
9 23463
10 20231
11 19003
12 17995
13 18233
14 17494
15 16979
16 16639
17 16121
18 16603
19 16353
20 15799
21 15722
22 15848
23 15361
24 15884
25 15914
26 15559
27 15318
28 15412
29 15107
30 15864
31 15139
32 15093
33 22263
34 28182
35 27060
36 24550
37 24823
38 23468
39 27213
40 27354
41 29829
42 27898
43 30325
44 30447
45 24603
46 31753
47 30115
48 30591
49 27506
50 31148
51 26881
52 31496
53 31350
54 26757
55 31340
56 27618
57 30177
58 32816
59 32902
60 32750
61 32504
62 27884
63 28711
64 33491
65 32065
66 32999
67 33873
68 28182
69 28961
70 34245
71 34618
72 28769
73 35313
74 35440
75 34416
76 35273
77 36045
78 34189
79 35943
80 35647
81 37604
82 30377
83 36244
84 33280
85 31488
86 36461
87 36023
88 34395
89 37353
90 35798
91 37588
92 39570
93 36516
94 32072
95 37704
96 31383
97 33330
98 38240
99 38026
100 37886
101 38968
102 31597
103 34618
104 38768
105 34208
106 31008
107 39459
108 36645
109 40494
110 35081
111 40865
112 38881
113 40590
114 35621
115 34317
116 41077
117 33959
118 41893
119 34645
120 37177
